p_final,p_LassocB,p_LassocA|B,p_AassocB|L,p_LindB|A,OS Test 4,child_seed,parent_seed
0.450199203187251,0.450199203187251,0.4442231075697211,0.00199203187250996,0.08964143426294821,0.46226608898481947,8455472427741931818,42
0.9581673306772909,0.9581673306772909,0.33067729083665337,0.00199203187250996,0.17330677290836655,0.4270082264900816,4311841387295252555,same
0.36852589641434264,0.36852589641434264,0.037848605577689244,0.00199203187250996,0.0099601593625498,0.47237434348652274,657065672072901370,same
0.8884462151394422,0.41434262948207173,0.8884462151394422,0.00199203187250996,0.017928286852589643,0.4517385545532929,7046037049524158355,same
0.8625498007968128,0.23306772908366533,0.8625498007968128,0.00199203187250996,0.34462151394422313,0.4704539808477409,162031607547593201,same
0.5199203187250996,0.027888446215139442,0.5199203187250996,0.00796812749003984,0.09163346613545817,0.4185191498751278,2333702685399882698,same
0.9043824701195219,0.9043824701195219,0.10756972111553785,0.00199203187250996,0.5577689243027888,0.4611999720801469,5867776588639538855,same
0.7529880478087649,0.4820717131474104,0.1553784860557769,0.0099601593625498,0.7529880478087649,0.4797075099130252,14565051441774961,same
0.3207171314741036,0.3207171314741036,0.2948207171314741,0.00199203187250996,0.30876494023904383,0.4853690832707931,6545427344233029238,same
0.8286852589641435,0.4163346613545817,0.4302788844621514,0.0099601593625498,0.8286852589641435,0.4850601245079226,2751361638614028481,same
0.7410358565737052,0.7410358565737052,0.029880478087649404,0.00199203187250996,0.20318725099601595,0.37153462560906836,3043092161330552038,same
0.9760956175298805,0.9302788844621513,0.7529880478087649,0.00199203187250996,0.9760956175298805,0.42598644894481086,7885816327523923691,same
0.8027888446215139,0.8027888446215139,0.5179282868525896,0.00199203187250996,0.029880478087649404,0.4296410893606721,2665334487875379246,same
0.5119521912350598,0.01195219123505976,0.09561752988047809,0.00199203187250996,0.5119521912350598,0.4120970896853724,667682189867944967,same
0.053784860557768925,0.0099601593625498,0.00597609561752988,0.00199203187250996,0.053784860557768925,0.39845854017579074,6485085932836461651,same
0.5756972111553785,0.5756972111553785,0.1892430278884462,0.00199203187250996,0.0199203187250996,0.3761732211054883,2293926170628861905,same
0.900398406374502,0.900398406374502,0.3545816733067729,0.00199203187250996,0.8007968127490039,0.3967758894610449,1429902495452839056,same
0.17330677290836655,0.035856573705179286,0.17330677290836655,0.01593625498007968,0.0697211155378486,0.39963003676163533,1854692027060616768,same
0.5358565737051793,0.5358565737051793,0.10956175298804781,0.00199203187250996,0.39243027888446214,0.4295049846996591,4328548544557254489,same
0.7649402390438247,0.7649402390438247,0.36254980079681276,0.06374501992031872,0.5597609561752988,0.39736411220076406,4346137530196414652,same
0.33665338645418325,0.14342629482071714,0.00199203187250996,0.00199203187250996,0.33665338645418325,0.31619029339432375,6668265911272713274,same
0.9243027888446215,0.9243027888446215,0.00199203187250996,0.00199203187250996,0.7051792828685259,0.3431053550850137,8870387462763356930,same
0.8466135458167331,0.8466135458167331,0.00199203187250996,0.00199203187250996,0.00199203187250996,0.3269080635320884,3386318809662677821,same
0.021912350597609563,0.021912350597609563,0.00199203187250996,0.00199203187250996,0.00597609561752988,0.2900674862660845,1696527239264507303,same
0.03187250996015936,0.03187250996015936,0.00199203187250996,0.00199203187250996,0.00796812749003984,0.3252293284087404,3844277781024429537,same
0.5219123505976095,0.3346613545816733,0.00796812749003984,0.00199203187250996,0.5219123505976095,0.3347240947891734,6556796665012521260,same
0.25298804780876494,0.06374501992031872,0.25298804780876494,0.00199203187250996,0.00199203187250996,0.28748720134392747,863509989053025,same
0.9621513944223108,0.3665338645418327,0.01593625498007968,0.013944223107569721,0.9621513944223108,0.3592745039287536,5830978420373403130,same
0.01593625498007968,0.01593625498007968,0.013944223107569721,0.00199203187250996,0.00199203187250996,0.2713020947889238,683370545500881987,same
0.3207171314741036,0.3207171314741036,0.00199203187250996,0.0099601593625498,0.07370517928286853,0.35709912151061496,6273200758352223096,same
0.41434262948207173,0.41434262948207173,0.00199203187250996,0.00199203187250996,0.1892430278884462,0.23288203301627045,7472375827265496253,same
0.9043824701195219,0.749003984063745,0.00199203187250996,0.00199203187250996,0.9043824701195219,0.22760274996848823,1823814216147814105,same
0.043824701195219126,0.035856573705179286,0.00199203187250996,0.00199203187250996,0.043824701195219126,0.21808105167751143,5030038870140534354,same
0.5159362549800797,0.5159362549800797,0.00199203187250996,0.00199203187250996,0.15338645418326693,0.21673468083060568,3140733305674021950,same
0.04780876494023904,0.04780876494023904,0.00199203187250996,0.00199203187250996,0.00199203187250996,0.22709250870679534,1367387450245386939,same
0.04780876494023904,0.03187250996015936,0.04780876494023904,0.00199203187250996,0.00199203187250996,0.2073971617518807,42569723174856554,same
0.00199203187250996,0.00199203187250996,0.00199203187250996,0.00199203187250996,0.00199203187250996,0.21894575926978332,2489248124948843616,same
0.1254980079681275,0.1254980079681275,0.00199203187250996,0.00199203187250996,0.0099601593625498,0.24856697584969262,9215728407197758765,same
0.3047808764940239,0.3047808764940239,0.00199203187250996,0.00199203187250996,0.025896414342629483,0.24869178334569866,4620820086391032340,same
0.14143426294820718,0.14143426294820718,0.00199203187250996,0.00398406374501992,0.00199203187250996,0.21914301920646717,2190216957291468815,same
0.9940239043824701,0.6972111553784861,0.00199203187250996,0.00199203187250996,0.9940239043824701,0.18044713723462416,1197744044050305550,same
0.9820717131474104,0.40239043824701193,0.00199203187250996,0.00199203187250996,0.9820717131474104,0.14766198382824358,2497780287138271739,same
0.8605577689243028,0.8605577689243028,0.00199203187250996,0.00199203187250996,0.017928286852589643,0.15569479016990914,9135710506683747733,same
0.8286852589641435,0.8286852589641435,0.00199203187250996,0.00199203187250996,0.3426294820717131,0.16655064987110058,6570567169369184277,same
0.45617529880478086,0.00199203187250996,0.45617529880478086,0.00199203187250996,0.00199203187250996,0.19421316557172214,7459083179385495513,same
0.013944223107569721,0.013944223107569721,0.00199203187250996,0.00199203187250996,0.00199203187250996,0.15218831563910998,976396430739534024,same
0.00199203187250996,0.00199203187250996,0.00199203187250996,0.00199203187250996,0.00199203187250996,0.1620953617370571,6366497801589839354,same
0.18725099601593626,0.00199203187250996,0.00199203187250996,0.18725099601593626,0.00199203187250996,0.17521102988947657,7760728221172675932,same
0.00199203187250996,0.00199203187250996,0.00199203187250996,0.00199203187250996,0.00199203187250996,0.18982970347614558,6378934433823290524,same
0.0099601593625498,0.0099601593625498,0.00199203187250996,0.00398406374501992,0.00597609561752988,0.16083082406635588,4848185040281533013,same
0.9601593625498008,0.9601593625498008,0.00199203187250996,0.00199203187250996,0.9302788844621513,0.11919418798557944,4068661686085799223,same
0.9482071713147411,0.22310756972111553,0.00199203187250996,0.00199203187250996,0.9482071713147411,0.08637324331774454,4001401523572212740,same
0.4243027888446215,0.4243027888446215,0.00199203187250996,0.00199203187250996,0.350597609561753,0.09706380535533025,4884108836036005781,same
0.25298804780876494,0.25298804780876494,0.00199203187250996,0.00199203187250996,0.22310756972111553,0.08193815381758277,5787780997446442349,same
0.00199203187250996,0.00199203187250996,0.00199203187250996,0.00199203187250996,0.00199203187250996,0.07976717505544803,7780260431654942954,same
0.12749003984063745,0.12749003984063745,0.00199203187250996,0.00199203187250996,0.00199203187250996,0.09987052053329064,4198718088277104599,same
0.00199203187250996,0.00199203187250996,0.00199203187250996,0.00199203187250996,0.00199203187250996,0.10912625419994233,4965489509651519477,same
0.05179282868525897,0.00199203187250996,0.00199203187250996,0.05179282868525897,0.00199203187250996,0.08461441288561508,8167271410324566417,same
0.00199203187250996,0.00199203187250996,0.00199203187250996,0.00199203187250996,0.00199203187250996,0.12338448575589772,8725649707264160016,same
0.00796812749003984,0.00199203187250996,0.00199203187250996,0.00796812749003984,0.00199203187250996,0.11850219530247162,7235803682552951834,same
0.5278884462151394,0.0099601593625498,0.00199203187250996,0.00199203187250996,0.5278884462151394,0.0532199502689938,93128713013016761,same
0.8884462151394422,0.4063745019920319,0.00199203187250996,0.00199203187250996,0.8884462151394422,0.07851587392062424,4882446552415224490,same
0.08167330677290836,0.0099601593625498,0.00199203187250996,0.00199203187250996,0.08167330677290836,0.08350791175923178,8281383794712878846,same
0.5737051792828686,0.10956175298804781,0.00199203187250996,0.00199203187250996,0.5737051792828686,0.0611733262418918,8164617647933383373,same
0.00398406374501992,0.00199203187250996,0.00199203187250996,0.00199203187250996,0.00398406374501992,0.06327959007750478,4775266761972620951,same
0.18725099601593626,0.00199203187250996,0.00199203187250996,0.00199203187250996,0.18725099601593626,0.08891438972338214,8576739469045167833,same
0.00199203187250996,0.00199203187250996,0.00199203187250996,0.00199203187250996,0.00199203187250996,0.07386748045609169,1702097326968070937,same
0.00796812749003984,0.00597609561752988,0.00199203187250996,0.00796812749003984,0.00199203187250996,0.05196712330086227,3251434335474087575,same
0.00199203187250996,0.00199203187250996,0.00199203187250996,0.00199203187250996,0.00199203187250996,0.0473378506347459,1819555044358437835,same
0.03386454183266932,0.00199203187250996,0.00199203187250996,0.03386454183266932,0.00398406374501992,0.05985035391887711,6542560781927459727,same
0.5438247011952191,0.5438247011952191,0.00199203187250996,0.00199203187250996,0.3944223107569721,0.01569430807557736,3957980034414661553,same
0.17729083665338646,0.17729083665338646,0.00199203187250996,0.00199203187250996,0.17131474103585656,0.01484526442593905,7392157784553109457,same
0.4940239043824701,0.450199203187251,0.00199203187250996,0.00199203187250996,0.4940239043824701,0.02311818707086229,3704478118900096262,same
0.38645418326693226,0.38645418326693226,0.00199203187250996,0.00199203187250996,0.11752988047808766,0.01778226633975654,6038213277087108556,same
0.701195219123506,0.701195219123506,0.00199203187250996,0.00199203187250996,0.26294820717131473,0.016387632826291496,2510129734256553192,same
0.1852589641434263,0.04183266932270916,0.00199203187250996,0.00199203187250996,0.1852589641434263,0.015796554011515772,937925845835727079,same
0.00199203187250996,0.00199203187250996,0.00199203187250996,0.00199203187250996,0.00199203187250996,0.019325231690964735,6217215800325963477,same
0.3944223107569721,0.00199203187250996,0.00199203187250996,0.00199203187250996,0.3944223107569721,0.018706244850058177,6594556152558963717,same
0.00199203187250996,0.00199203187250996,0.00199203187250996,0.00199203187250996,0.00199203187250996,0.013738664995184476,6985272463964795672,same
0.5219123505976095,0.00199203187250996,0.00199203187250996,0.5219123505976095,0.00199203187250996,0.02530915375130217,1575273612311826989,same
0.99800796812749,0.4362549800796813,0.00199203187250996,0.00199203187250996,0.99800796812749,0.007224457247862945,8611809523873607457,same
0.6952191235059761,0.6952191235059761,0.00199203187250996,0.00199203187250996,0.5896414342629482,0.0061826039496778945,8063531646368399609,same
0.5597609561752988,0.5597609561752988,0.00199203187250996,0.00199203187250996,0.40039840637450197,0.003199142522735328,5084639228138884233,same
0.7669322709163346,0.043824701195219126,0.00199203187250996,0.00199203187250996,0.7669322709163346,0.005493792498242496,5035525282607674730,same
0.32669322709163345,0.32669322709163345,0.00199203187250996,0.00199203187250996,0.2410358565737052,0.00635281564449407,4158851373880697951,same
0.36254980079681276,0.36254980079681276,0.00199203187250996,0.00199203187250996,0.3187250996015936,0.005533577258530853,4719367681768727333,same
0.26095617529880477,0.00199203187250996,0.00199203187250996,0.00199203187250996,0.26095617529880477,0.003747492123768942,4728242662354460378,same
0.7370517928286853,0.5637450199203188,0.00199203187250996,0.00199203187250996,0.7370517928286853,0.005416942017186038,6007988160469971890,same
0.00398406374501992,0.00199203187250996,0.00199203187250996,0.00199203187250996,0.00398406374501992,0.0121597878546881,6838697200200188686,same
0.07569721115537849,0.00199203187250996,0.00199203187250996,0.00398406374501992,0.07569721115537849,0.0028607097643864442,4936774836425997419,same
0.18127490039840638,0.09760956175298804,0.00199203187250996,0.00199203187250996,0.18127490039840638,0.0007254716223145851,2724900090212849759,same
0.9760956175298805,0.09163346613545817,0.00199203187250996,0.00199203187250996,0.9760956175298805,0.0021992735867947294,2794177209106518917,same
0.4302788844621514,0.4302788844621514,0.00199203187250996,0.00199203187250996,0.11952191235059761,0.000179232299050174,367126597012780170,same
0.6653386454183267,0.5876494023904383,0.00199203187250996,0.00199203187250996,0.6653386454183267,0.0006925230879549881,6084157792829033879,same
0.6314741035856574,0.06772908366533864,0.00199203187250996,0.00199203187250996,0.6314741035856574,0.0005558660095278233,8238054913024806829,same
0.9880478087649402,0.12151394422310757,0.00199203187250996,0.00199203187250996,0.9880478087649402,0.00213321753799738,6269581060558064696,same
0.7768924302788844,0.7768924302788844,0.00199203187250996,0.00199203187250996,0.0199203187250996,3.306621850624721e-05,3603364956676605736,same
0.9322709163346613,0.9322709163346613,0.00199203187250996,0.00199203187250996,0.5159362549800797,0.0005361570706764017,3807964414746012910,same
0.0099601593625498,0.00199203187250996,0.00199203187250996,0.00199203187250996,0.0099601593625498,1.6680203182088497e-05,7017217721381445819,same
0.3784860557768924,0.00398406374501992,0.00199203187250996,0.00796812749003984,0.3784860557768924,0.0023694358924197757,5994129306587487684,same
