p_final,p_LassocB,p_LassocA|B,p_AassocB|L,p_LindB|A,OS Test 4,child_seed,parent_seed
0.1394422310756972,0.035856573705179286,0.1394422310756972,0.00199203187250996,0.03187250996015936,0.4499567633297045,8455472427741931818,42
0.8207171314741036,0.8207171314741036,0.28884462151394424,0.00796812749003984,0.4820717131474104,0.419269565895428,4311841387295252555,same
0.6075697211155379,0.6075697211155379,0.0697211155378486,0.00199203187250996,0.017928286852589643,0.4899990965539141,657065672072901370,same
0.8625498007968128,0.6593625498007968,0.8625498007968128,0.00199203187250996,0.025896414342629483,0.4409586817949597,7046037049524158355,same
0.8764940239043825,0.26095617529880477,0.8764940239043825,0.00199203187250996,0.1394422310756972,0.4626747282863225,162031607547593201,same
0.5856573705179283,0.10756972111553785,0.5856573705179283,0.013944223107569721,0.0796812749003984,0.4461241023005752,2333702685399882698,same
0.9422310756972112,0.9422310756972112,0.11354581673306773,0.00199203187250996,0.5717131474103586,0.46244498158875663,5867776588639538855,same
0.5637450199203188,0.30677290836653387,0.1852589641434263,0.021912350597609563,0.5637450199203188,0.4781200929884404,14565051441774961,same
0.5099601593625498,0.5099601593625498,0.5,0.00199203187250996,0.09362549800796813,0.49101977422360066,6545427344233029238,same
0.8286852589641435,0.3745019920318725,0.11752988047808766,0.04183266932270916,0.8286852589641435,0.48183742923931505,2751361638614028481,same
0.5597609561752988,0.40039840637450197,0.05776892430278884,0.00199203187250996,0.5597609561752988,0.3595874006837178,3043092161330552038,same
0.9561752988047809,0.9103585657370518,0.5737051792828686,0.00199203187250996,0.9561752988047809,0.41957686074826106,7885816327523923691,same
0.8764940239043825,0.8764940239043825,0.7191235059760956,0.00199203187250996,0.08565737051792828,0.4038432470040577,2665334487875379246,same
0.7370517928286853,0.013944223107569721,0.02390438247011952,0.00398406374501992,0.7370517928286853,0.41295818069934837,667682189867944967,same
0.13147410358565736,0.04780876494023904,0.13147410358565736,0.00199203187250996,0.11952191235059761,0.3672755329468167,6485085932836461651,same
0.34063745019920316,0.099601593625498,0.34063745019920316,0.00398406374501992,0.14940239043824702,0.36993423985059903,2293926170628861905,same
0.9083665338645418,0.9083665338645418,0.20916334661354583,0.00199203187250996,0.6374501992031872,0.3991304991039617,1429902495452839056,same
0.398406374501992,0.0199203187250996,0.398406374501992,0.03386454183266932,0.15737051792828685,0.40897508294587476,1854692027060616768,same
0.5677290836653387,0.5677290836653387,0.2350597609561753,0.00199203187250996,0.17131474103585656,0.44213239602971355,4328548544557254489,same
0.9701195219123506,0.9701195219123506,0.7111553784860558,0.08964143426294821,0.4342629482071713,0.4138565941725643,4346137530196414652,same
0.22709163346613545,0.15139442231075698,0.01593625498007968,0.00199203187250996,0.22709163346613545,0.30080914029015976,6668265911272713274,same
0.9203187250996016,0.9203187250996016,0.00796812749003984,0.00597609561752988,0.8545816733067729,0.35667679556753384,8870387462763356930,same
0.896414342629482,0.896414342629482,0.00199203187250996,0.00199203187250996,0.00398406374501992,0.3004091622903902,3386318809662677821,same
0.02390438247011952,0.02390438247011952,0.00199203187250996,0.00199203187250996,0.00398406374501992,0.28214664586072724,1696527239264507303,same
0.0099601593625498,0.00597609561752988,0.0099601593625498,0.00199203187250996,0.00199203187250996,0.3453066116024043,3844277781024429537,same
0.45617529880478086,0.1693227091633466,0.0697211155378486,0.00199203187250996,0.45617529880478086,0.3273599656992088,6556796665012521260,same
0.6733067729083665,0.037848605577689244,0.6733067729083665,0.00199203187250996,0.00199203187250996,0.2929147309402103,863509989053025,same
0.8266932270916335,0.19123505976095617,0.04780876494023904,0.02390438247011952,0.8266932270916335,0.3691480326895696,5830978420373403130,same
0.1254980079681275,0.1254980079681275,0.013944223107569721,0.00199203187250996,0.00199203187250996,0.27526003306130037,683370545500881987,same
0.3645418326693227,0.3645418326693227,0.00199203187250996,0.027888446215139442,0.00597609561752988,0.3355444850556683,6273200758352223096,same
0.6653386454183267,0.6653386454183267,0.00199203187250996,0.00199203187250996,0.6414342629482072,0.22463852639388726,7472375827265496253,same
0.7788844621513944,0.6394422310756972,0.00199203187250996,0.00597609561752988,0.7788844621513944,0.21115409630551596,1823814216147814105,same
0.2689243027888446,0.2689243027888446,0.00199203187250996,0.00199203187250996,0.043824701195219126,0.24675757228237585,5030038870140534354,same
0.44621513944223107,0.44621513944223107,0.00199203187250996,0.00199203187250996,0.01593625498007968,0.19637706741892846,3140733305674021950,same
0.00597609561752988,0.00597609561752988,0.00199203187250996,0.00199203187250996,0.00199203187250996,0.2506038783737898,1367387450245386939,same
0.1394422310756972,0.1394422310756972,0.00199203187250996,0.00398406374501992,0.00199203187250996,0.21760928133159077,42569723174856554,same
0.13346613545816732,0.13346613545816732,0.00199203187250996,0.00199203187250996,0.00199203187250996,0.22150928175210285,2489248124948843616,same
0.2410358565737052,0.2410358565737052,0.00199203187250996,0.00398406374501992,0.00199203187250996,0.2442708412741955,9215728407197758765,same
0.07370517928286853,0.07370517928286853,0.00199203187250996,0.00199203187250996,0.00398406374501992,0.2465314137326889,4620820086391032340,same
0.24302788844621515,0.24302788844621515,0.00199203187250996,0.025896414342629483,0.00199203187250996,0.2310073077111803,2190216957291468815,same
0.9960159362549801,0.796812749003984,0.00199203187250996,0.00199203187250996,0.9960159362549801,0.18868278024328794,1197744044050305550,same
0.9601593625498008,0.25697211155378485,0.00199203187250996,0.00199203187250996,0.9601593625498008,0.13973043574231236,2497780287138271739,same
0.8366533864541833,0.8366533864541833,0.00199203187250996,0.00199203187250996,0.0199203187250996,0.16467868729381863,9135710506683747733,same
0.7330677290836654,0.7330677290836654,0.00199203187250996,0.00199203187250996,0.3844621513944223,0.16379911079406473,6570567169369184277,same
0.8426294820717132,0.17729083665338646,0.8426294820717132,0.00199203187250996,0.00199203187250996,0.16878692334507414,7459083179385495513,same
0.22111553784860558,0.22111553784860558,0.00199203187250996,0.00199203187250996,0.00199203187250996,0.1666408655405214,976396430739534024,same
0.00199203187250996,0.00199203187250996,0.00199203187250996,0.00199203187250996,0.00199203187250996,0.15635168279716827,6366497801589839354,same
0.12749003984063745,0.00199203187250996,0.00199203187250996,0.12749003984063745,0.00199203187250996,0.16552633786077006,7760728221172675932,same
0.00199203187250996,0.00199203187250996,0.00199203187250996,0.00199203187250996,0.00199203187250996,0.19886789311508452,6378934433823290524,same
0.037848605577689244,0.037848605577689244,0.00199203187250996,0.0099601593625498,0.00398406374501992,0.14718668453113132,4848185040281533013,same
0.9760956175298805,0.9760956175298805,0.00199203187250996,0.00199203187250996,0.9721115537848606,0.1176566761077731,4068661686085799223,same
0.9840637450199203,0.3107569721115538,0.00199203187250996,0.00199203187250996,0.9840637450199203,0.08719400488181178,4001401523572212740,same
0.3466135458167331,0.3466135458167331,0.00199203187250996,0.00199203187250996,0.1693227091633466,0.09125282226934756,4884108836036005781,same
0.5398406374501992,0.5398406374501992,0.00199203187250996,0.00199203187250996,0.3286852589641434,0.08511172538894263,5787780997446442349,same
0.00199203187250996,0.00199203187250996,0.00199203187250996,0.00199203187250996,0.00199203187250996,0.07934925918960806,7780260431654942954,same
0.3645418326693227,0.3645418326693227,0.00199203187250996,0.0099601593625498,0.00199203187250996,0.09847080048816156,4198718088277104599,same
0.01195219123505976,0.00199203187250996,0.01195219123505976,0.00199203187250996,0.00199203187250996,0.11286103655169988,4965489509651519477,same
0.10557768924302789,0.00199203187250996,0.00199203187250996,0.10557768924302789,0.00199203187250996,0.0852006931438126,8167271410324566417,same
0.00199203187250996,0.00199203187250996,0.00199203187250996,0.00199203187250996,0.00199203187250996,0.13009742440501448,8725649707264160016,same
0.03187250996015936,0.00398406374501992,0.00199203187250996,0.03187250996015936,0.00199203187250996,0.12045361006697082,7235803682552951834,same
0.2450199203187251,0.07768924302788845,0.00199203187250996,0.00199203187250996,0.2450199203187251,0.04414594248130168,93128713013016761,same
0.896414342629482,0.23705179282868527,0.00199203187250996,0.00199203187250996,0.896414342629482,0.07518685451597361,4882446552415224490,same
0.250996015936255,0.00398406374501992,0.00199203187250996,0.00199203187250996,0.250996015936255,0.08342658496330546,8281383794712878846,same
0.5796812749003984,0.2410358565737052,0.00199203187250996,0.00199203187250996,0.5796812749003984,0.06400934813418085,8164617647933383373,same
0.00796812749003984,0.00199203187250996,0.00199203187250996,0.00199203187250996,0.00796812749003984,0.062069381593619785,4775266761972620951,same
0.13346613545816732,0.00199203187250996,0.00199203187250996,0.00199203187250996,0.13346613545816732,0.09962165068670024,8576739469045167833,same
0.00199203187250996,0.00199203187250996,0.00199203187250996,0.00199203187250996,0.00199203187250996,0.07084097155957267,1702097326968070937,same
0.017928286852589643,0.00199203187250996,0.00199203187250996,0.017928286852589643,0.00199203187250996,0.047492929788460606,3251434335474087575,same
0.00199203187250996,0.00199203187250996,0.00199203187250996,0.00199203187250996,0.00199203187250996,0.05358684194192815,1819555044358437835,same
0.1454183266932271,0.0099601593625498,0.00199203187250996,0.1454183266932271,0.00199203187250996,0.05992732524024868,6542560781927459727,same
0.6095617529880478,0.6095617529880478,0.00199203187250996,0.00199203187250996,0.30278884462151395,0.014663327758944715,3957980034414661553,same
0.6972111553784861,0.23306772908366533,0.00199203187250996,0.00199203187250996,0.6972111553784861,0.01322556343963795,7392157784553109457,same
0.547808764940239,0.547808764940239,0.00199203187250996,0.00199203187250996,0.37250996015936255,0.019669775785500665,3704478118900096262,same
0.2908366533864542,0.2908366533864542,0.00199203187250996,0.00199203187250996,0.10358565737051793,0.01839084113715624,6038213277087108556,same
0.5956175298804781,0.5956175298804781,0.00199203187250996,0.00199203187250996,0.3804780876494024,0.019737033258003005,2510129734256553192,same
0.5537848605577689,0.055776892430278883,0.00199203187250996,0.00199203187250996,0.5537848605577689,0.019202971452085573,937925845835727079,same
0.00199203187250996,0.00199203187250996,0.00199203187250996,0.00199203187250996,0.00199203187250996,0.017206377745026168,6217215800325963477,same
0.5896414342629482,0.00199203187250996,0.00199203187250996,0.00199203187250996,0.5896414342629482,0.025223968443460195,6594556152558963717,same
0.2788844621513944,0.00199203187250996,0.2788844621513944,0.00597609561752988,0.00398406374501992,0.012528417525623035,6985272463964795672,same
0.09561752988047809,0.00199203187250996,0.00199203187250996,0.09561752988047809,0.00199203187250996,0.02826836251017148,1575273612311826989,same
0.952191235059761,0.5219123505976095,0.00199203187250996,0.00199203187250996,0.952191235059761,0.00851481777156332,8611809523873607457,same
0.6872509960159362,0.41434262948207173,0.00199203187250996,0.013944223107569721,0.6872509960159362,0.007235198303926101,8063531646368399609,same
0.3784860557768924,0.2410358565737052,0.00199203187250996,0.00199203187250996,0.3784860557768924,0.003643093447570174,5084639228138884233,same
0.8804780876494024,0.14940239043824702,0.00199203187250996,0.00199203187250996,0.8804780876494024,0.005249886911241165,5035525282607674730,same
0.35258964143426297,0.35258964143426297,0.00199203187250996,0.00199203187250996,0.27689243027888444,0.007970531368121729,4158851373880697951,same
0.350597609561753,0.350597609561753,0.00199203187250996,0.00398406374501992,0.09362549800796813,0.005866353726847996,4719367681768727333,same
0.3386454183266932,0.00796812749003984,0.00199203187250996,0.00199203187250996,0.3386454183266932,0.004065021785918434,4728242662354460378,same
0.8207171314741036,0.8207171314741036,0.00199203187250996,0.00199203187250996,0.6573705179282868,0.005167744929949644,6007988160469971890,same
0.00199203187250996,0.00199203187250996,0.00199203187250996,0.00199203187250996,0.00199203187250996,0.012349703745817002,6838697200200188686,same
0.25298804780876494,0.00199203187250996,0.00199203187250996,0.00597609561752988,0.25298804780876494,0.0033416948259099373,4936774836425997419,same
0.2410358565737052,0.05179282868525897,0.00199203187250996,0.00199203187250996,0.2410358565737052,0.0006792130578017167,2724900090212849759,same
0.9860557768924303,0.053784860557768925,0.00199203187250996,0.00597609561752988,0.9860557768924303,0.002683760815944952,2794177209106518917,same
0.48804780876494025,0.48804780876494025,0.00199203187250996,0.00199203187250996,0.199203187250996,0.00018568495024777116,367126597012780170,same
0.6215139442231076,0.06573705179282868,0.00199203187250996,0.00199203187250996,0.6215139442231076,0.0007752617133142165,6084157792829033879,same
0.8147410358565738,0.05976095617529881,0.00199203187250996,0.00199203187250996,0.8147410358565738,0.0009898574402563592,8238054913024806829,same
0.2868525896414343,0.0199203187250996,0.00199203187250996,0.00199203187250996,0.2868525896414343,7.896252892834998e-05,6269581060558064696,same
0.6912350597609562,0.6912350597609562,0.00199203187250996,0.00199203187250996,0.09561752988047809,4.91573116480331e-05,3603364956676605736,same
0.8705179282868526,0.8705179282868526,0.00199203187250996,0.00199203187250996,0.5079681274900398,0.0004892895653146636,3807964414746012910,same
0.05776892430278884,0.00199203187250996,0.00199203187250996,0.00199203187250996,0.05776892430278884,2.3517975928776715e-05,7017217721381445819,same
0.5139442231075697,0.099601593625498,0.00199203187250996,0.00398406374501992,0.5139442231075697,0.0026266366437345846,5994129306587487684,same
